 Dimension       Time    Gflop/s       GB/s        Error
        16   0.364889   5.481127  87.698037 0.000000e+00
        64   0.459221   4.355547  69.688754 0.000000e+00
       112   0.324839   6.158797  98.540753 0.000000e+00
       160   0.792196   2.533514  40.536231 0.000000e+00
       208   0.649863   3.101817  49.629077 0.000000e+00
       256   2.346391   0.858027  13.728426 0.000000e+00
       304   0.747160   2.707320  43.317124 0.000000e+00
       352   0.775501   2.587042  41.392670 0.000000e+00
       400   0.864641   2.368613  37.897810 0.000000e+00
       448   1.365044   1.580879  25.294064 0.000000e+00
       496   1.061917   2.068364  33.093823 0.000000e+00
       544   1.330124   1.694465  27.111440 0.000000e+00
       592   0.981329   2.114222  33.827544 0.000000e+00
       640   2.141654   0.979221  15.667532 0.000000e+00
       688   2.911314   0.894883  14.318128 0.000000e+00
       736   1.878105   1.273693  20.379091 0.000000e+00
       784   3.422723   0.844749  13.515984 0.000000e+00
       832   3.819929   0.603080   9.649275 0.000000e+00
       880   4.839960   0.563205   9.011274 0.000000e+00
       928   5.921485   0.539850   8.637604 0.000000e+00
       976   8.187091   0.454234   7.267747 0.000000e+00
      1024   9.021835   0.238032   3.808509 0.000000e+00
      1072   5.809011   0.424143   6.786286 0.000000e+00
      1120   6.478366   0.433729   6.939666 0.000000e+00
      1168   8.003847   0.398162   6.370591 0.000000e+00
      1216   8.344566   0.430950   6.895201 0.000000e+00
      1264   9.349178   0.432014   6.912223 0.000000e+00
      1312  10.986396   0.411127   6.578036 0.000000e+00
      1360  12.398001   0.405784   6.492546 0.000000e+00
      1408  14.845959   0.376036   6.016580 0.000000e+00
      1456  15.679359   0.393718   6.299496 0.000000e+00
      1504  17.447895   0.389969   6.239509 0.000000e+00
      1552  18.724994   0.399285   6.388567 0.000000e+00
      1600  20.345991   0.402635   6.442154 0.000000e+00
      1648  22.891238   0.391050   6.256801 0.000000e+00
      1696  25.426376   0.383728   6.139642 0.000000e+00
      1744  27.496559   0.385826   6.173210 0.000000e+00
      1792  44.187726   0.260461   4.167373 0.000000e+00
      1840  34.242858   0.363843   5.821480 0.000000e+00
      1888  36.061717   0.373241   5.971859 0.000000e+00
      1936  39.128200   0.370899   5.934391 0.000000e+00
      1984  43.314237   0.360599   5.769582 0.000000e+00