 Dimension       Time    Gflop/s       GB/s        Error
        16   0.500825   3.993417  63.894672 1.047738e-09
        64   0.694905   2.878320  46.053114 3.776222e-09
       112   0.829131   2.412909  38.606541 7.275958e-10
       160   0.933516   2.149979  34.399667 1.236913e-10
       208   0.981203   2.054372  32.869957 4.638423e-11
       256   1.518023   1.326242  21.219873 1.637090e-11
       304   1.037266   1.950128  31.202047 1.045919e-11
       352   1.034242   1.939830  31.037279 7.730705e-12
       400   1.073817   1.907215  30.515442 3.865352e-12
       448   1.147623   1.880382  30.086109 2.046363e-12
       496   1.165855   1.883966  30.143451 1.591616e-12
       544   1.195686   1.884984  30.159739 1.136868e-12
       592   1.119393   1.853457  29.655313 6.821210e-13
       640   1.343443   1.561028  24.976446 5.684342e-13
       688   1.534510   1.697796  27.164741 5.684342e-13
       736   1.476783   1.619825  25.917195 4.547474e-13
       784   1.823951   1.585208  25.363329 4.547474e-13
       832   1.792697   1.285059  20.560945 2.842171e-13
       880   1.875631   1.453318  23.253085 2.842171e-13
       928   2.813668   1.136138  18.178207 2.842171e-13
       976   2.861105   1.299797  20.796758 3.410605e-13
      1024   4.745597   0.452521   7.240341 1.705303e-13
      1072   2.131925   1.155693  18.491086 1.705303e-13
      1120   3.245257   0.865835  13.853355 1.705303e-13
      1168   3.252408   0.979836  15.677380 2.273737e-13
      1216   4.451455   0.807846  12.925541 2.273737e-13
      1264   4.292259   0.940991  15.055850 2.273737e-13
      1312   5.226832   0.864158  13.826522 2.273737e-13
      1360   5.656620   0.889385  14.230157 2.273737e-13
      1408   7.433926   0.750965  12.015441 2.842171e-13
      1456   7.141324   0.864441  13.831057 2.273737e-13
      1504   9.033847   0.753183  12.050935 2.273737e-13
      1552  11.711597   0.638394  10.214309 2.842171e-13
      1600  13.263044   0.617656   9.882498 2.842171e-13
      1648  15.666610   0.571382   9.142113 3.410605e-13
      1696  18.401240   0.530225   8.483605 2.842171e-13
      1744  21.574890   0.491723   7.867574 2.842171e-13
      1792  34.722956   0.331457   5.303314 2.842171e-13
      1840  28.040409   0.444323   7.109173 2.842171e-13
      1888  29.892988   0.450263   7.204214 3.410605e-13
      1936  35.270757   0.411463   6.583415 3.410605e-13
      1984  38.174933   0.409144   6.546312 3.410605e-13